77011485005
77478492706
77052762425
77076067990
77783601177
77017712005
77010950003
77078424796
77071788111
77770330037
77071330173
77000231102
77002249320
77087179284
77472693234
77755228167
77711769028
77764208463
77002978507
77478087645
77753051998
77772731600
77762902804
77478081928
77055471140
77077570601
77479774030
77787738878
77054212114
77475013051
77756130921
77719049036
77021534328
77777292992
77472046090
77058007860
77082058642
77081047116
77013042446
77477311115
77788611580
77071621107
77089828884
77751100911
77471482000
77028769189
77005010198
77780852005
77057772667
77003374626
77476861786
77474735945
77023182220
77027707889
77028939548
77472177131
77777798880
77013090912
77472731512
77083216027
77056944778
77757734228
77474676564
77755756869
77770553137
77056999911
77719775389
77087017188
77052024531
77479004093
77085522548
77751866095
77475139520
77758881160
77760456688
77473331754
77081221896
77472909341
77789303404
77053317490
77056229678
77053590094
77475578378
77072673709
77056950652
77716063393
77771820671
77472498412
77762846375
77088088776
77475777213
77477771082
77760080098
77771777725
77078774970
77053587364
77083341077
77053222525
77075263565
77478286998
77074881425
77087157622
77770921530
77074880962
77770350850
77079390303
77088007771
77010597799
77026555911
77077356485
77021290797
77772132840
77029995626
77081311285
77073895188
77064142595
77026195605
77066382205
77010160008
77472731364
77711150275
77012100776
77081798795
77081622363
77473442545
77053604992
77477325323
77780281200
77478179931
77758126297
77752135100
77476732192
77770135603
77054273620
77471237775
77472993220
77000959532
77785508915
77474087865
77075056620
77752170200
77471449436
77088009113
77052650343
77710002022
77024365855
77075530630
77711615470
77752483829
